{
 "cells": [
  {
   "cell_type": "markdown",
   "id": "ecac2f38",
   "metadata": {},
   "source": [
    "Reading and Importing Datasets"
   ]
  },
  {
   "cell_type": "code",
   "execution_count": 1,
   "id": "eed5060c",
   "metadata": {},
   "outputs": [],
   "source": [
    "import pandas as pd\n",
    "\n",
    "df1 = pd.read_csv('diabetes.csv')"
   ]
  },
  {
   "cell_type": "code",
   "execution_count": 2,
   "id": "66a82117",
   "metadata": {},
   "outputs": [],
   "source": [
    "df2 = pd.read_csv('kidney_disease.csv')"
   ]
  },
  {
   "cell_type": "code",
   "execution_count": 3,
   "id": "fb00d7d6",
   "metadata": {},
   "outputs": [],
   "source": [
    "df1_cleaned = df1.dropna().drop_duplicates()\n",
    "df2_cleaned = df2.drop_duplicates()"
   ]
  },
  {
   "cell_type": "code",
   "execution_count": 4,
   "id": "d50e3b82",
   "metadata": {},
   "outputs": [
    {
     "data": {
      "text/html": [
       "<div>\n",
       "<style scoped>\n",
       "    .dataframe tbody tr th:only-of-type {\n",
       "        vertical-align: middle;\n",
       "    }\n",
       "\n",
       "    .dataframe tbody tr th {\n",
       "        vertical-align: top;\n",
       "    }\n",
       "\n",
       "    .dataframe thead th {\n",
       "        text-align: right;\n",
       "    }\n",
       "</style>\n",
       "<table border=\"1\" class=\"dataframe\">\n",
       "  <thead>\n",
       "    <tr style=\"text-align: right;\">\n",
       "      <th></th>\n",
       "      <th>Pregnancies</th>\n",
       "      <th>Glucose</th>\n",
       "      <th>BloodPressure</th>\n",
       "      <th>SkinThickness</th>\n",
       "      <th>Insulin</th>\n",
       "      <th>BMI</th>\n",
       "      <th>DiabetesPedigreeFunction</th>\n",
       "      <th>Age</th>\n",
       "      <th>Outcome</th>\n",
       "    </tr>\n",
       "  </thead>\n",
       "  <tbody>\n",
       "    <tr>\n",
       "      <th>Pregnancies</th>\n",
       "      <td>1.000000</td>\n",
       "      <td>0.129459</td>\n",
       "      <td>0.141282</td>\n",
       "      <td>-0.081672</td>\n",
       "      <td>-0.073535</td>\n",
       "      <td>0.017683</td>\n",
       "      <td>-0.033523</td>\n",
       "      <td>0.544341</td>\n",
       "      <td>0.221898</td>\n",
       "    </tr>\n",
       "    <tr>\n",
       "      <th>Glucose</th>\n",
       "      <td>0.129459</td>\n",
       "      <td>1.000000</td>\n",
       "      <td>0.152590</td>\n",
       "      <td>0.057328</td>\n",
       "      <td>0.331357</td>\n",
       "      <td>0.221071</td>\n",
       "      <td>0.137337</td>\n",
       "      <td>0.263514</td>\n",
       "      <td>0.466581</td>\n",
       "    </tr>\n",
       "    <tr>\n",
       "      <th>BloodPressure</th>\n",
       "      <td>0.141282</td>\n",
       "      <td>0.152590</td>\n",
       "      <td>1.000000</td>\n",
       "      <td>0.207371</td>\n",
       "      <td>0.088933</td>\n",
       "      <td>0.281805</td>\n",
       "      <td>0.041265</td>\n",
       "      <td>0.239528</td>\n",
       "      <td>0.065068</td>\n",
       "    </tr>\n",
       "    <tr>\n",
       "      <th>SkinThickness</th>\n",
       "      <td>-0.081672</td>\n",
       "      <td>0.057328</td>\n",
       "      <td>0.207371</td>\n",
       "      <td>1.000000</td>\n",
       "      <td>0.436783</td>\n",
       "      <td>0.392573</td>\n",
       "      <td>0.183928</td>\n",
       "      <td>-0.113970</td>\n",
       "      <td>0.074752</td>\n",
       "    </tr>\n",
       "    <tr>\n",
       "      <th>Insulin</th>\n",
       "      <td>-0.073535</td>\n",
       "      <td>0.331357</td>\n",
       "      <td>0.088933</td>\n",
       "      <td>0.436783</td>\n",
       "      <td>1.000000</td>\n",
       "      <td>0.197859</td>\n",
       "      <td>0.185071</td>\n",
       "      <td>-0.042163</td>\n",
       "      <td>0.130548</td>\n",
       "    </tr>\n",
       "    <tr>\n",
       "      <th>BMI</th>\n",
       "      <td>0.017683</td>\n",
       "      <td>0.221071</td>\n",
       "      <td>0.281805</td>\n",
       "      <td>0.392573</td>\n",
       "      <td>0.197859</td>\n",
       "      <td>1.000000</td>\n",
       "      <td>0.140647</td>\n",
       "      <td>0.036242</td>\n",
       "      <td>0.292695</td>\n",
       "    </tr>\n",
       "    <tr>\n",
       "      <th>DiabetesPedigreeFunction</th>\n",
       "      <td>-0.033523</td>\n",
       "      <td>0.137337</td>\n",
       "      <td>0.041265</td>\n",
       "      <td>0.183928</td>\n",
       "      <td>0.185071</td>\n",
       "      <td>0.140647</td>\n",
       "      <td>1.000000</td>\n",
       "      <td>0.033561</td>\n",
       "      <td>0.173844</td>\n",
       "    </tr>\n",
       "    <tr>\n",
       "      <th>Age</th>\n",
       "      <td>0.544341</td>\n",
       "      <td>0.263514</td>\n",
       "      <td>0.239528</td>\n",
       "      <td>-0.113970</td>\n",
       "      <td>-0.042163</td>\n",
       "      <td>0.036242</td>\n",
       "      <td>0.033561</td>\n",
       "      <td>1.000000</td>\n",
       "      <td>0.238356</td>\n",
       "    </tr>\n",
       "    <tr>\n",
       "      <th>Outcome</th>\n",
       "      <td>0.221898</td>\n",
       "      <td>0.466581</td>\n",
       "      <td>0.065068</td>\n",
       "      <td>0.074752</td>\n",
       "      <td>0.130548</td>\n",
       "      <td>0.292695</td>\n",
       "      <td>0.173844</td>\n",
       "      <td>0.238356</td>\n",
       "      <td>1.000000</td>\n",
       "    </tr>\n",
       "  </tbody>\n",
       "</table>\n",
       "</div>"
      ],
      "text/plain": [
       "                          Pregnancies   Glucose  BloodPressure  SkinThickness  \\\n",
       "Pregnancies                  1.000000  0.129459       0.141282      -0.081672   \n",
       "Glucose                      0.129459  1.000000       0.152590       0.057328   \n",
       "BloodPressure                0.141282  0.152590       1.000000       0.207371   \n",
       "SkinThickness               -0.081672  0.057328       0.207371       1.000000   \n",
       "Insulin                     -0.073535  0.331357       0.088933       0.436783   \n",
       "BMI                          0.017683  0.221071       0.281805       0.392573   \n",
       "DiabetesPedigreeFunction    -0.033523  0.137337       0.041265       0.183928   \n",
       "Age                          0.544341  0.263514       0.239528      -0.113970   \n",
       "Outcome                      0.221898  0.466581       0.065068       0.074752   \n",
       "\n",
       "                           Insulin       BMI  DiabetesPedigreeFunction  \\\n",
       "Pregnancies              -0.073535  0.017683                 -0.033523   \n",
       "Glucose                   0.331357  0.221071                  0.137337   \n",
       "BloodPressure             0.088933  0.281805                  0.041265   \n",
       "SkinThickness             0.436783  0.392573                  0.183928   \n",
       "Insulin                   1.000000  0.197859                  0.185071   \n",
       "BMI                       0.197859  1.000000                  0.140647   \n",
       "DiabetesPedigreeFunction  0.185071  0.140647                  1.000000   \n",
       "Age                      -0.042163  0.036242                  0.033561   \n",
       "Outcome                   0.130548  0.292695                  0.173844   \n",
       "\n",
       "                               Age   Outcome  \n",
       "Pregnancies               0.544341  0.221898  \n",
       "Glucose                   0.263514  0.466581  \n",
       "BloodPressure             0.239528  0.065068  \n",
       "SkinThickness            -0.113970  0.074752  \n",
       "Insulin                  -0.042163  0.130548  \n",
       "BMI                       0.036242  0.292695  \n",
       "DiabetesPedigreeFunction  0.033561  0.173844  \n",
       "Age                       1.000000  0.238356  \n",
       "Outcome                   0.238356  1.000000  "
      ]
     },
     "execution_count": null,
     "metadata": {},
     "output_type": "execute_result"
    }
   ],
   "source": [
    "df1_cleaned.corr()"
   ]
  },
  {
   "cell_type": "code",
   "execution_count": 5,
   "id": "20acf677",
   "metadata": {},
   "outputs": [
    {
     "data": {
      "text/html": [
       "<div>\n",
       "<style scoped>\n",
       "    .dataframe tbody tr th:only-of-type {\n",
       "        vertical-align: middle;\n",
       "    }\n",
       "\n",
       "    .dataframe tbody tr th {\n",
       "        vertical-align: top;\n",
       "    }\n",
       "\n",
       "    .dataframe thead th {\n",
       "        text-align: right;\n",
       "    }\n",
       "</style>\n",
       "<table border=\"1\" class=\"dataframe\">\n",
       "  <thead>\n",
       "    <tr style=\"text-align: right;\">\n",
       "      <th></th>\n",
       "      <th>id</th>\n",
       "      <th>age</th>\n",
       "      <th>bp</th>\n",
       "      <th>sg</th>\n",
       "      <th>al</th>\n",
       "      <th>su</th>\n",
       "      <th>bgr</th>\n",
       "      <th>bu</th>\n",
       "      <th>sc</th>\n",
       "      <th>sod</th>\n",
       "      <th>pot</th>\n",
       "      <th>hemo</th>\n",
       "    </tr>\n",
       "  </thead>\n",
       "  <tbody>\n",
       "    <tr>\n",
       "      <th>id</th>\n",
       "      <td>1.000000</td>\n",
       "      <td>-0.185308</td>\n",
       "      <td>-0.245744</td>\n",
       "      <td>0.642156</td>\n",
       "      <td>-0.541993</td>\n",
       "      <td>-0.283416</td>\n",
       "      <td>-0.338673</td>\n",
       "      <td>-0.307175</td>\n",
       "      <td>-0.268683</td>\n",
       "      <td>0.364251</td>\n",
       "      <td>-0.092347</td>\n",
       "      <td>0.640298</td>\n",
       "    </tr>\n",
       "    <tr>\n",
       "      <th>age</th>\n",
       "      <td>-0.185308</td>\n",
       "      <td>1.000000</td>\n",
       "      <td>0.159480</td>\n",
       "      <td>-0.191096</td>\n",
       "      <td>0.122091</td>\n",
       "      <td>0.220866</td>\n",
       "      <td>0.244992</td>\n",
       "      <td>0.196985</td>\n",
       "      <td>0.132531</td>\n",
       "      <td>-0.100046</td>\n",
       "      <td>0.058377</td>\n",
       "      <td>-0.192928</td>\n",
       "    </tr>\n",
       "    <tr>\n",
       "      <th>bp</th>\n",
       "      <td>-0.245744</td>\n",
       "      <td>0.159480</td>\n",
       "      <td>1.000000</td>\n",
       "      <td>-0.218836</td>\n",
       "      <td>0.160689</td>\n",
       "      <td>0.222576</td>\n",
       "      <td>0.160193</td>\n",
       "      <td>0.188517</td>\n",
       "      <td>0.146222</td>\n",
       "      <td>-0.116422</td>\n",
       "      <td>0.075151</td>\n",
       "      <td>-0.306540</td>\n",
       "    </tr>\n",
       "    <tr>\n",
       "      <th>sg</th>\n",
       "      <td>0.642156</td>\n",
       "      <td>-0.191096</td>\n",
       "      <td>-0.218836</td>\n",
       "      <td>1.000000</td>\n",
       "      <td>-0.469760</td>\n",
       "      <td>-0.296234</td>\n",
       "      <td>-0.374710</td>\n",
       "      <td>-0.314295</td>\n",
       "      <td>-0.361473</td>\n",
       "      <td>0.412190</td>\n",
       "      <td>-0.072787</td>\n",
       "      <td>0.602582</td>\n",
       "    </tr>\n",
       "    <tr>\n",
       "      <th>al</th>\n",
       "      <td>-0.541993</td>\n",
       "      <td>0.122091</td>\n",
       "      <td>0.160689</td>\n",
       "      <td>-0.469760</td>\n",
       "      <td>1.000000</td>\n",
       "      <td>0.269305</td>\n",
       "      <td>0.379464</td>\n",
       "      <td>0.453528</td>\n",
       "      <td>0.399198</td>\n",
       "      <td>-0.459896</td>\n",
       "      <td>0.129038</td>\n",
       "      <td>-0.634632</td>\n",
       "    </tr>\n",
       "    <tr>\n",
       "      <th>su</th>\n",
       "      <td>-0.283416</td>\n",
       "      <td>0.220866</td>\n",
       "      <td>0.222576</td>\n",
       "      <td>-0.296234</td>\n",
       "      <td>0.269305</td>\n",
       "      <td>1.000000</td>\n",
       "      <td>0.717827</td>\n",
       "      <td>0.168583</td>\n",
       "      <td>0.223244</td>\n",
       "      <td>-0.131776</td>\n",
       "      <td>0.219450</td>\n",
       "      <td>-0.224775</td>\n",
       "    </tr>\n",
       "    <tr>\n",
       "      <th>bgr</th>\n",
       "      <td>-0.338673</td>\n",
       "      <td>0.244992</td>\n",
       "      <td>0.160193</td>\n",
       "      <td>-0.374710</td>\n",
       "      <td>0.379464</td>\n",
       "      <td>0.717827</td>\n",
       "      <td>1.000000</td>\n",
       "      <td>0.143322</td>\n",
       "      <td>0.114875</td>\n",
       "      <td>-0.267848</td>\n",
       "      <td>0.066966</td>\n",
       "      <td>-0.306189</td>\n",
       "    </tr>\n",
       "    <tr>\n",
       "      <th>bu</th>\n",
       "      <td>-0.307175</td>\n",
       "      <td>0.196985</td>\n",
       "      <td>0.188517</td>\n",
       "      <td>-0.314295</td>\n",
       "      <td>0.453528</td>\n",
       "      <td>0.168583</td>\n",
       "      <td>0.143322</td>\n",
       "      <td>1.000000</td>\n",
       "      <td>0.586368</td>\n",
       "      <td>-0.323054</td>\n",
       "      <td>0.357049</td>\n",
       "      <td>-0.610360</td>\n",
       "    </tr>\n",
       "    <tr>\n",
       "      <th>sc</th>\n",
       "      <td>-0.268683</td>\n",
       "      <td>0.132531</td>\n",
       "      <td>0.146222</td>\n",
       "      <td>-0.361473</td>\n",
       "      <td>0.399198</td>\n",
       "      <td>0.223244</td>\n",
       "      <td>0.114875</td>\n",
       "      <td>0.586368</td>\n",
       "      <td>1.000000</td>\n",
       "      <td>-0.690158</td>\n",
       "      <td>0.326107</td>\n",
       "      <td>-0.401670</td>\n",
       "    </tr>\n",
       "    <tr>\n",
       "      <th>sod</th>\n",
       "      <td>0.364251</td>\n",
       "      <td>-0.100046</td>\n",
       "      <td>-0.116422</td>\n",
       "      <td>0.412190</td>\n",
       "      <td>-0.459896</td>\n",
       "      <td>-0.131776</td>\n",
       "      <td>-0.267848</td>\n",
       "      <td>-0.323054</td>\n",
       "      <td>-0.690158</td>\n",
       "      <td>1.000000</td>\n",
       "      <td>0.097887</td>\n",
       "      <td>0.365183</td>\n",
       "    </tr>\n",
       "    <tr>\n",
       "      <th>pot</th>\n",
       "      <td>-0.092347</td>\n",
       "      <td>0.058377</td>\n",
       "      <td>0.075151</td>\n",
       "      <td>-0.072787</td>\n",
       "      <td>0.129038</td>\n",
       "      <td>0.219450</td>\n",
       "      <td>0.066966</td>\n",
       "      <td>0.357049</td>\n",
       "      <td>0.326107</td>\n",
       "      <td>0.097887</td>\n",
       "      <td>1.000000</td>\n",
       "      <td>-0.133746</td>\n",
       "    </tr>\n",
       "    <tr>\n",
       "      <th>hemo</th>\n",
       "      <td>0.640298</td>\n",
       "      <td>-0.192928</td>\n",
       "      <td>-0.306540</td>\n",
       "      <td>0.602582</td>\n",
       "      <td>-0.634632</td>\n",
       "      <td>-0.224775</td>\n",
       "      <td>-0.306189</td>\n",
       "      <td>-0.610360</td>\n",
       "      <td>-0.401670</td>\n",
       "      <td>0.365183</td>\n",
       "      <td>-0.133746</td>\n",
       "      <td>1.000000</td>\n",
       "    </tr>\n",
       "  </tbody>\n",
       "</table>\n",
       "</div>"
      ],
      "text/plain": [
       "            id       age        bp        sg        al        su       bgr  \\\n",
       "id    1.000000 -0.185308 -0.245744  0.642156 -0.541993 -0.283416 -0.338673   \n",
       "age  -0.185308  1.000000  0.159480 -0.191096  0.122091  0.220866  0.244992   \n",
       "bp   -0.245744  0.159480  1.000000 -0.218836  0.160689  0.222576  0.160193   \n",
       "sg    0.642156 -0.191096 -0.218836  1.000000 -0.469760 -0.296234 -0.374710   \n",
       "al   -0.541993  0.122091  0.160689 -0.469760  1.000000  0.269305  0.379464   \n",
       "su   -0.283416  0.220866  0.222576 -0.296234  0.269305  1.000000  0.717827   \n",
       "bgr  -0.338673  0.244992  0.160193 -0.374710  0.379464  0.717827  1.000000   \n",
       "bu   -0.307175  0.196985  0.188517 -0.314295  0.453528  0.168583  0.143322   \n",
       "sc   -0.268683  0.132531  0.146222 -0.361473  0.399198  0.223244  0.114875   \n",
       "sod   0.364251 -0.100046 -0.116422  0.412190 -0.459896 -0.131776 -0.267848   \n",
       "pot  -0.092347  0.058377  0.075151 -0.072787  0.129038  0.219450  0.066966   \n",
       "hemo  0.640298 -0.192928 -0.306540  0.602582 -0.634632 -0.224775 -0.306189   \n",
       "\n",
       "            bu        sc       sod       pot      hemo  \n",
       "id   -0.307175 -0.268683  0.364251 -0.092347  0.640298  \n",
       "age   0.196985  0.132531 -0.100046  0.058377 -0.192928  \n",
       "bp    0.188517  0.146222 -0.116422  0.075151 -0.306540  \n",
       "sg   -0.314295 -0.361473  0.412190 -0.072787  0.602582  \n",
       "al    0.453528  0.399198 -0.459896  0.129038 -0.634632  \n",
       "su    0.168583  0.223244 -0.131776  0.219450 -0.224775  \n",
       "bgr   0.143322  0.114875 -0.267848  0.066966 -0.306189  \n",
       "bu    1.000000  0.586368 -0.323054  0.357049 -0.610360  \n",
       "sc    0.586368  1.000000 -0.690158  0.326107 -0.401670  \n",
       "sod  -0.323054 -0.690158  1.000000  0.097887  0.365183  \n",
       "pot   0.357049  0.326107  0.097887  1.000000 -0.133746  \n",
       "hemo -0.610360 -0.401670  0.365183 -0.133746  1.000000  "
      ]
     },
     "execution_count": null,
     "metadata": {},
     "output_type": "execute_result"
    }
   ],
   "source": [
    "df2_cleaned.corr(numeric_only=True)"
   ]
  },
  {
   "cell_type": "code",
   "execution_count": 6,
   "id": "3c5955ba",
   "metadata": {},
   "outputs": [],
   "source": [
    "from sklearn.preprocessing import LabelEncoder\n",
    "label_encoder = LabelEncoder()"
   ]
  }
 ],
 "metadata": {
  "language_info": {
   "name": "python"
  }
 },
 "nbformat": 4,
 "nbformat_minor": 5
}
